/Users/awais/Desktop/COMP8240_Project/src/existing_dataset/existing_kfold.py:373: MatplotlibDeprecationWarning: vert: bool was deprecated in Matplotlib 3.11 and will be removed in 3.13. Use orientation: {'vertical', 'horizontal'} instead.
  plt.boxplot(accuracy_values_with_lasso_kfold, tick_labels=labels_with_lasso_kfold, vert=False, showmeans=True)
/Users/awais/Desktop/COMP8240_Project/src/existing_dataset/existing_kfold.py:389: MatplotlibDeprecationWarning: vert: bool was deprecated in Matplotlib 3.11 and will be removed in 3.13. Use orientation: {'vertical', 'horizontal'} instead.
  plt.boxplot(accuracy_values_without_lasso_kfold, tick_labels=labels_without_lasso_kfold, vert=False, showmeans=True)
Dataset shape: (3630, 37)
Encoded predictor count: 229
Target distribution:
Outcome
Success    2209
Failure    1421
Name: count, dtype: int64
Remaining object columns:
[]
Missing values: 0
Existing-dataset preprocessing validation: PASSED
[726, 726, 726, 726, 726]
0.01
0.01
0.01
0.01
0.01
[726, 726, 726, 726, 726]
0.01
0.01
0.01
0.01
0.01
[726, 726, 726, 726, 726]
0.01
0.01
0.01
0.01
0.01
[726, 726, 726, 726, 726]
0.01
0.01
0.01
0.01
0.01
[726, 726, 726, 726, 726]
0.01
0.01
0.01
0.01
0.01
[726, 726, 726, 726, 726]
0.01
0.01
0.01
0.01
0.01
[726, 726, 726, 726, 726]
0.01
0.01
0.01
0.01
0.01
[726, 726, 726, 726, 726]
0.01
0.01
0.01
0.01
0.01
[726, 726, 726, 726, 726]
0.01
0.01
0.01
0.01
0.01
[726, 726, 726, 726, 726]
0.01
0.01
0.01
0.01291549665014884
0.01
[726, 726, 726, 726, 726]
0.01
0.01
0.01
0.01
0.01
[726, 726, 726, 726, 726]
0.01
0.01
0.01
0.01
0.01
[726, 726, 726, 726, 726]
0.01
0.01
0.01
0.01
0.01
[726, 726, 726, 726, 726]
0.01
0.01
0.01
0.01
0.01
[726, 726, 726, 726, 726]
0.01
0.01
0.01
0.01
0.01291549665014884
[726, 726, 726, 726, 726]
0.01
0.01291549665014884
0.01
0.01
0.01
[726, 726, 726, 726, 726]
0.01
0.01
0.01
0.01
0.01
[726, 726, 726, 726, 726]
0.01
0.01
0.01
0.01
0.01
[726, 726, 726, 726, 726]
0.01
0.01
0.01
0.01
0.01
[726, 726, 726, 726, 726]
0.01
0.01
0.01
0.01
0.01
[726, 726, 726, 726, 726]
0.01
0.01
0.01
0.01
0.01
[726, 726, 726, 726, 726]
0.01
0.01
0.01
0.01
0.01
[726, 726, 726, 726, 726]
0.01
0.01
0.01
0.01
0.01
[726, 726, 726, 726, 726]
0.01
0.01
0.01
0.01
0.01
[726, 726, 726, 726, 726]
0.01
0.01
0.01
0.01
0.01
[726, 726, 726, 726, 726]
0.01
0.01
0.01
0.01
0.01
[726, 726, 726, 726, 726]
0.01
0.01
0.01
0.01
0.01
[726, 726, 726, 726, 726]
0.01
0.01
0.01
0.01
0.01
[726, 726, 726, 726, 726]
0.01
0.01
0.01
0.01
0.01
[726, 726, 726, 726, 726]
0.01
0.01
0.01
0.01
0.01
[726, 726, 726, 726, 726]
0.01
0.01
0.01
0.01
0.01
[726, 726, 726, 726, 726]
0.01
0.01
0.01
0.01
0.01
[726, 726, 726, 726, 726]
0.01291549665014884
0.01
0.01
0.01
0.01
[726, 726, 726, 726, 726]
0.01
0.01
0.01
0.01
0.01
[726, 726, 726, 726, 726]
0.01
0.01
0.01
0.01
0.01
[726, 726, 726, 726, 726]
0.01
0.01
0.01
0.01
0.01
[726, 726, 726, 726, 726]
0.01
0.01291549665014884
0.01
0.01
0.01291549665014884
[726, 726, 726, 726, 726]
0.01
0.01
0.01
0.01
0.01
[726, 726, 726, 726, 726]
0.01
0.01
0.01
0.01
0.01291549665014884
[726, 726, 726, 726, 726]
0.01
0.01
0.01
0.01
0.01291549665014884
[726, 726, 726, 726, 726]
0.01
0.01
0.01
0.01
0.01
[726, 726, 726, 726, 726]
0.01
0.01
0.01
0.01
0.01
[726, 726, 726, 726, 726]
0.01
0.01
0.01
0.01
0.01
[726, 726, 726, 726, 726]
0.01
0.01
0.01
0.01
0.01
[726, 726, 726, 726, 726]
0.01
0.01
0.01
0.01
0.01
[726, 726, 726, 726, 726]
0.01
0.01
0.01
0.01
0.01
[726, 726, 726, 726, 726]
0.01
0.01
0.01
0.01
0.01
[726, 726, 726, 726, 726]
0.01
0.01
0.01
0.01
0.01
[726, 726, 726, 726, 726]
0.01291549665014884
0.01
0.01
0.01
0.01
[726, 726, 726, 726, 726]
0.01
0.01
0.01
0.01
0.01
[726, 726, 726, 726, 726]
0.01
0.01
0.01
0.01
0.01
[726, 726, 726, 726, 726]
0.01
0.01
0.01
0.01
0.01
[726, 726, 726, 726, 726]
0.01
0.01
0.01
0.01
0.01
[726, 726, 726, 726, 726]
0.01
0.01
0.01
0.01
0.01
[726, 726, 726, 726, 726]
0.01
0.01
0.01
0.01
0.01
[726, 726, 726, 726, 726]
0.01
0.01
0.01
0.01
0.01
[726, 726, 726, 726, 726]
0.01
0.01
0.01
0.01
0.01
[726, 726, 726, 726, 726]
0.01
0.01
0.01
0.01
0.01
[726, 726, 726, 726, 726]
0.01
0.01291549665014884
0.01
0.01
0.01
[726, 726, 726, 726, 726]
0.01
0.01
0.01
0.01
0.01
[726, 726, 726, 726, 726]
0.01
0.01
0.01
0.01
0.01
[726, 726, 726, 726, 726]
0.01
0.01
0.01
0.01
0.01
[726, 726, 726, 726, 726]
0.01
0.01
0.01
0.01
0.01
[726, 726, 726, 726, 726]
0.01
0.01
0.01
0.01
0.01
[726, 726, 726, 726, 726]
0.01
0.01
0.01
0.01
0.01
[726, 726, 726, 726, 726]
0.01
0.01
0.01
0.01
0.01
[726, 726, 726, 726, 726]
0.01
0.01
0.01
0.01
0.01
[726, 726, 726, 726, 726]
0.01
0.01
0.01
0.01
0.01
[726, 726, 726, 726, 726]
0.01
0.01
0.01
0.01
0.01
[726, 726, 726, 726, 726]
0.01
0.01
0.01
0.01
0.01
[726, 726, 726, 726, 726]
0.01
0.01291549665014884
0.01
0.01
0.01
[726, 726, 726, 726, 726]
0.01
0.01
0.01
0.01
0.01
[726, 726, 726, 726, 726]
0.01
0.01
0.01
0.01
0.01
[726, 726, 726, 726, 726]
0.01
0.01291549665014884
0.01
0.01
0.01
[726, 726, 726, 726, 726]
0.01
0.01
0.01
0.01
0.01
[726, 726, 726, 726, 726]
0.01
0.01
0.01
0.01
0.01
[726, 726, 726, 726, 726]
0.01
0.01
0.01
0.01
0.01
[726, 726, 726, 726, 726]
0.01
0.01
0.01
0.01
0.01
[726, 726, 726, 726, 726]
0.01
0.01
0.01
0.01
0.01
[726, 726, 726, 726, 726]
0.01
0.01
0.01
0.01
0.01
[726, 726, 726, 726, 726]
0.01
0.01
0.01
0.01
0.01
[726, 726, 726, 726, 726]
0.01291549665014884
0.01
0.01
0.01
0.01
[726, 726, 726, 726, 726]
0.01
0.01
0.01
0.01
0.01
[726, 726, 726, 726, 726]
0.01291549665014884
0.01
0.01
0.01
0.01
[726, 726, 726, 726, 726]
0.01
0.01
0.01
0.01
0.01
[726, 726, 726, 726, 726]
0.01
0.01
0.01
0.01
0.01
[726, 726, 726, 726, 726]
0.01
0.01
0.01
0.01
0.01
[726, 726, 726, 726, 726]
0.01
0.01
0.01
0.01
0.01
[726, 726, 726, 726, 726]
0.01
0.01
0.01
0.01
0.01
[726, 726, 726, 726, 726]
0.01
0.01
0.01
0.01
0.01
[726, 726, 726, 726, 726]
0.01
0.01
0.01
0.01
0.01
[726, 726, 726, 726, 726]
0.01
0.01
0.01
0.01
0.01
[726, 726, 726, 726, 726]
0.01
0.01
0.01
0.01
0.01
[726, 726, 726, 726, 726]
0.01
0.01
0.01
0.01
0.01
[726, 726, 726, 726, 726]
0.01
0.01
0.01
0.01
0.01
[726, 726, 726, 726, 726]
0.01
0.01
0.01
0.01
0.01
[726, 726, 726, 726, 726]
0.01
0.01
0.01
0.01
0.01
[726, 726, 726, 726, 726]
0.01
0.01
0.01
0.01
0.01
[726, 726, 726, 726, 726]
0.01
0.01
0.01
0.01
0.01
[726, 726, 726, 726, 726]
0.01
0.01
0.01
0.01
0.01
Mean Accuracy Values Without Lasso:
Logistic Regression: 90.28%
Logistic Regression with Lasso: 91.09%
SVM: 87.81%
SVM with Lasso: 90.52%
KNN: 75.63%
KNN with Lasso: 85.86%
Linear Regression: 90.10%
Linear Regression with Lasso: 90.85%
Decision Tree: 85.76%
Decision Tree with Lasso: 86.16%
Random Forest: 90.71%
Random Forest with Lasso: 90.49%
XGBoost: 90.71%
XGBoost with Lasso: 90.46%
