/Users/awais/Desktop/COMP8240_Project/src/reproduction/xapi/xapi_kfold.py:365: MatplotlibDeprecationWarning: vert: bool was deprecated in Matplotlib 3.11 and will be removed in 3.13. Use orientation: {'vertical', 'horizontal'} instead.
  plt.boxplot(accuracy_values_with_lasso_kfold, tick_labels=labels_with_lasso_kfold, vert=False, showmeans=True)
/Users/awais/Desktop/COMP8240_Project/src/reproduction/xapi/xapi_kfold.py:381: MatplotlibDeprecationWarning: vert: bool was deprecated in Matplotlib 3.11 and will be removed in 3.13. Use orientation: {'vertical', 'horizontal'} instead.
  plt.boxplot(accuracy_values_without_lasso_kfold, tick_labels=labels_without_lasso_kfold, vert=False, showmeans=True)
Dataset shape: (480, 17)
Predictor count: 38
Target distribution:
Class
Pass    353
Fail    127
Name: count, dtype: int64
   GradeID  raisedhands  ...  StudentAbsenceDays_Above-7  StudentAbsenceDays_Under-7
0        4           15  ...                       False                        True
1        4           20  ...                       False                        True
2        4           10  ...                        True                       False
3        4           30  ...                        True                       False
4        4           40  ...                        True                       False

[5 rows x 38 columns]
[96, 96, 96, 96, 96]
0.03593813663804628
0.021544346900318832
0.027825594022071243
0.021544346900318832
0.05994842503189409
[96, 96, 96, 96, 96]
0.016681005372000592
0.021544346900318832
0.016681005372000592
0.05994842503189409
0.016681005372000592
[96, 96, 96, 96, 96]
0.021544346900318832
0.05994842503189409
0.03593813663804628
0.021544346900318832
0.0774263682681127
[96, 96, 96, 96, 96]
0.021544346900318832
0.027825594022071243
0.027825594022071243
0.027825594022071243
0.021544346900318832
[96, 96, 96, 96, 96]
0.1
0.046415888336127774
0.021544346900318832
0.03593813663804628
0.021544346900318832
[96, 96, 96, 96, 96]
0.027825594022071243
0.0774263682681127
0.016681005372000592
0.016681005372000592
0.046415888336127774
[96, 96, 96, 96, 96]
0.027825594022071243
0.021544346900318832
0.027825594022071243
0.021544346900318832
0.05994842503189409
[96, 96, 96, 96, 96]
0.021544346900318832
0.05994842503189409
0.027825594022071243
0.016681005372000592
0.03593813663804628
[96, 96, 96, 96, 96]
0.021544346900318832
0.03593813663804628
0.03593813663804628
0.027825594022071243
0.03593813663804628
[96, 96, 96, 96, 96]
0.046415888336127774
0.03593813663804628
0.03593813663804628
0.03593813663804628
0.0774263682681127
[96, 96, 96, 96, 96]
0.046415888336127774
0.0774263682681127
0.021544346900318832
0.021544346900318832
0.027825594022071243
[96, 96, 96, 96, 96]
0.021544346900318832
0.016681005372000592
0.046415888336127774
0.027825594022071243
0.1
[96, 96, 96, 96, 96]
0.027825594022071243
0.027825594022071243
0.1
0.03593813663804628
0.027825594022071243
[96, 96, 96, 96, 96]
0.03593813663804628
0.027825594022071243
0.021544346900318832
0.027825594022071243
0.027825594022071243
[96, 96, 96, 96, 96]
0.0774263682681127
0.03593813663804628
0.1
0.021544346900318832
0.021544346900318832
[96, 96, 96, 96, 96]
0.027825594022071243
0.027825594022071243
0.027825594022071243
0.027825594022071243
0.021544346900318832
[96, 96, 96, 96, 96]
0.03593813663804628
0.0774263682681127
0.027825594022071243
0.03593813663804628
0.03593813663804628
[96, 96, 96, 96, 96]
0.027825594022071243
0.046415888336127774
0.1
0.0774263682681127
0.03593813663804628
[96, 96, 96, 96, 96]
0.021544346900318832
0.0774263682681127
0.046415888336127774
0.027825594022071243
0.021544346900318832
[96, 96, 96, 96, 96]
0.05994842503189409
0.03593813663804628
0.03593813663804628
0.046415888336127774
0.03593813663804628
[96, 96, 96, 96, 96]
0.027825594022071243
0.021544346900318832
0.03593813663804628
0.03593813663804628
0.016681005372000592
[96, 96, 96, 96, 96]
0.03593813663804628
0.046415888336127774
0.0774263682681127
0.021544346900318832
0.03593813663804628
[96, 96, 96, 96, 96]
0.03593813663804628
0.021544346900318832
0.016681005372000592
0.03593813663804628
0.027825594022071243
[96, 96, 96, 96, 96]
0.1
0.027825594022071243
0.027825594022071243
0.027825594022071243
0.03593813663804628
[96, 96, 96, 96, 96]
0.03593813663804628
0.016681005372000592
0.03593813663804628
0.03593813663804628
0.1
[96, 96, 96, 96, 96]
0.027825594022071243
0.027825594022071243
0.016681005372000592
0.021544346900318832
0.0774263682681127
[96, 96, 96, 96, 96]
0.05994842503189409
0.046415888336127774
0.021544346900318832
0.01291549665014884
0.027825594022071243
[96, 96, 96, 96, 96]
0.03593813663804628
0.01291549665014884
0.0774263682681127
0.03593813663804628
0.03593813663804628
[96, 96, 96, 96, 96]
0.03593813663804628
0.027825594022071243
0.03593813663804628
0.016681005372000592
0.027825594022071243
[96, 96, 96, 96, 96]
0.021544346900318832
0.0774263682681127
0.03593813663804628
0.027825594022071243
0.046415888336127774
[96, 96, 96, 96, 96]
0.0774263682681127
0.027825594022071243
0.03593813663804628
0.046415888336127774
0.03593813663804628
[96, 96, 96, 96, 96]
0.027825594022071243
0.05994842503189409
0.021544346900318832
0.021544346900318832
0.03593813663804628
[96, 96, 96, 96, 96]
0.046415888336127774
0.03593813663804628
0.027825594022071243
0.03593813663804628
0.027825594022071243
[96, 96, 96, 96, 96]
0.027825594022071243
0.027825594022071243
0.0774263682681127
0.1
0.046415888336127774
[96, 96, 96, 96, 96]
0.03593813663804628
0.03593813663804628
0.0774263682681127
0.027825594022071243
0.1
[96, 96, 96, 96, 96]
0.021544346900318832
0.027825594022071243
0.021544346900318832
0.046415888336127774
0.03593813663804628
[96, 96, 96, 96, 96]
0.027825594022071243
0.03593813663804628
0.021544346900318832
0.046415888336127774
0.027825594022071243
[96, 96, 96, 96, 96]
0.03593813663804628
0.027825594022071243
0.021544346900318832
0.027825594022071243
0.021544346900318832
[96, 96, 96, 96, 96]
0.021544346900318832
0.05994842503189409
0.021544346900318832
0.027825594022071243
0.03593813663804628
[96, 96, 96, 96, 96]
0.0774263682681127
0.03593813663804628
0.027825594022071243
0.046415888336127774
0.016681005372000592
[96, 96, 96, 96, 96]
0.021544346900318832
0.021544346900318832
0.027825594022071243
0.1
0.03593813663804628
[96, 96, 96, 96, 96]
0.021544346900318832
0.046415888336127774
0.021544346900318832
0.03593813663804628
0.046415888336127774
[96, 96, 96, 96, 96]
0.03593813663804628
0.03593813663804628
0.0774263682681127
0.021544346900318832
0.03593813663804628
[96, 96, 96, 96, 96]
0.03593813663804628
0.03593813663804628
0.1
0.03593813663804628
0.046415888336127774
[96, 96, 96, 96, 96]
0.021544346900318832
0.03593813663804628
0.046415888336127774
0.027825594022071243
0.03593813663804628
[96, 96, 96, 96, 96]
0.046415888336127774
0.03593813663804628
0.027825594022071243
0.027825594022071243
0.03593813663804628
[96, 96, 96, 96, 96]
0.03593813663804628
0.021544346900318832
0.027825594022071243
0.1
0.027825594022071243
[96, 96, 96, 96, 96]
0.027825594022071243
0.03593813663804628
0.021544346900318832
0.021544346900318832
0.046415888336127774
[96, 96, 96, 96, 96]
0.03593813663804628
0.027825594022071243
0.1
0.021544346900318832
0.027825594022071243
[96, 96, 96, 96, 96]
0.027825594022071243
0.027825594022071243
0.016681005372000592
0.046415888336127774
0.021544346900318832
[96, 96, 96, 96, 96]
0.021544346900318832
0.021544346900318832
0.1
0.03593813663804628
0.027825594022071243
[96, 96, 96, 96, 96]
0.021544346900318832
0.027825594022071243
0.03593813663804628
0.027825594022071243
0.021544346900318832
[96, 96, 96, 96, 96]
0.03593813663804628
0.03593813663804628
0.03593813663804628
0.046415888336127774
0.016681005372000592
[96, 96, 96, 96, 96]
0.03593813663804628
0.027825594022071243
0.03593813663804628
0.027825594022071243
0.046415888336127774
[96, 96, 96, 96, 96]
0.027825594022071243
0.021544346900318832
0.027825594022071243
0.027825594022071243
0.1
[96, 96, 96, 96, 96]
0.027825594022071243
0.03593813663804628
0.046415888336127774
0.046415888336127774
0.027825594022071243
[96, 96, 96, 96, 96]
0.027825594022071243
0.1
0.03593813663804628
0.03593813663804628
0.021544346900318832
[96, 96, 96, 96, 96]
0.021544346900318832
0.03593813663804628
0.027825594022071243
0.027825594022071243
0.03593813663804628
[96, 96, 96, 96, 96]
0.046415888336127774
0.1
0.03593813663804628
0.03593813663804628
0.021544346900318832
[96, 96, 96, 96, 96]
0.03593813663804628
0.03593813663804628
0.027825594022071243
0.01291549665014884
0.1
[96, 96, 96, 96, 96]
0.05994842503189409
0.03593813663804628
0.021544346900318832
0.021544346900318832
0.03593813663804628
[96, 96, 96, 96, 96]
0.03593813663804628
0.03593813663804628
0.027825594022071243
0.0774263682681127
0.046415888336127774
[96, 96, 96, 96, 96]
0.046415888336127774
0.03593813663804628
0.03593813663804628
0.027825594022071243
0.0774263682681127
[96, 96, 96, 96, 96]
0.027825594022071243
0.046415888336127774
0.0774263682681127
0.0774263682681127
0.027825594022071243
[96, 96, 96, 96, 96]
0.027825594022071243
0.1
0.027825594022071243
0.03593813663804628
0.021544346900318832
[96, 96, 96, 96, 96]
0.021544346900318832
0.046415888336127774
0.03593813663804628
0.03593813663804628
0.03593813663804628
[96, 96, 96, 96, 96]
0.046415888336127774
0.1
0.016681005372000592
0.027825594022071243
0.027825594022071243
[96, 96, 96, 96, 96]
0.027825594022071243
0.027825594022071243
0.03593813663804628
0.027825594022071243
0.021544346900318832
[96, 96, 96, 96, 96]
0.027825594022071243
0.027825594022071243
0.027825594022071243
0.046415888336127774
0.03593813663804628
[96, 96, 96, 96, 96]
0.1
0.03593813663804628
0.021544346900318832
0.05994842503189409
0.021544346900318832
[96, 96, 96, 96, 96]
0.027825594022071243
0.03593813663804628
0.021544346900318832
0.03593813663804628
0.1
[96, 96, 96, 96, 96]
0.03593813663804628
0.046415888336127774
0.03593813663804628
0.0774263682681127
0.027825594022071243
[96, 96, 96, 96, 96]
0.021544346900318832
0.05994842503189409
0.03593813663804628
0.05994842503189409
0.027825594022071243
[96, 96, 96, 96, 96]
0.027825594022071243
0.027825594022071243
0.03593813663804628
0.03593813663804628
0.046415888336127774
[96, 96, 96, 96, 96]
0.027825594022071243
0.01291549665014884
0.03593813663804628
0.027825594022071243
0.027825594022071243
[96, 96, 96, 96, 96]
0.027825594022071243
0.1
0.016681005372000592
0.03593813663804628
0.021544346900318832
[96, 96, 96, 96, 96]
0.01291549665014884
0.027825594022071243
0.027825594022071243
0.1
0.027825594022071243
[96, 96, 96, 96, 96]
0.027825594022071243
0.03593813663804628
0.027825594022071243
0.027825594022071243
0.027825594022071243
[96, 96, 96, 96, 96]
0.021544346900318832
0.027825594022071243
0.03593813663804628
0.03593813663804628
0.03593813663804628
[96, 96, 96, 96, 96]
0.027825594022071243
0.03593813663804628
0.1
0.0774263682681127
0.046415888336127774
[96, 96, 96, 96, 96]
0.01291549665014884
0.016681005372000592
0.027825594022071243
0.021544346900318832
0.027825594022071243
[96, 96, 96, 96, 96]
0.027825594022071243
0.027825594022071243
0.027825594022071243
0.016681005372000592
0.03593813663804628
[96, 96, 96, 96, 96]
0.027825594022071243
0.03593813663804628
0.021544346900318832
0.027825594022071243
0.027825594022071243
[96, 96, 96, 96, 96]
0.021544346900318832
0.01291549665014884
0.046415888336127774
0.021544346900318832
0.027825594022071243
[96, 96, 96, 96, 96]
0.1
0.03593813663804628
0.03593813663804628
0.01291549665014884
0.027825594022071243
[96, 96, 96, 96, 96]
0.027825594022071243
0.021544346900318832
0.021544346900318832
0.03593813663804628
0.027825594022071243
[96, 96, 96, 96, 96]
0.027825594022071243
0.027825594022071243
0.0774263682681127
0.03593813663804628
0.03593813663804628
[96, 96, 96, 96, 96]
0.046415888336127774
0.046415888336127774
0.021544346900318832
0.021544346900318832
0.046415888336127774
[96, 96, 96, 96, 96]
0.1
0.05994842503189409
0.021544346900318832
0.03593813663804628
0.046415888336127774
[96, 96, 96, 96, 96]
0.027825594022071243
0.1
0.03593813663804628
0.03593813663804628
0.021544346900318832
[96, 96, 96, 96, 96]
0.027825594022071243
0.027825594022071243
0.03593813663804628
0.03593813663804628
0.021544346900318832
[96, 96, 96, 96, 96]
0.01
0.027825594022071243
0.03593813663804628
0.046415888336127774
0.03593813663804628
[96, 96, 96, 96, 96]
0.1
0.1
0.03593813663804628
0.021544346900318832
0.03593813663804628
[96, 96, 96, 96, 96]
0.046415888336127774
0.027825594022071243
0.046415888336127774
0.03593813663804628
0.03593813663804628
[96, 96, 96, 96, 96]
0.027825594022071243
0.027825594022071243
0.03593813663804628
0.027825594022071243
0.027825594022071243
[96, 96, 96, 96, 96]
0.046415888336127774
0.1
0.0774263682681127
0.027825594022071243
0.027825594022071243
[96, 96, 96, 96, 96]
0.03593813663804628
0.027825594022071243
0.027825594022071243
0.027825594022071243
0.03593813663804628
[96, 96, 96, 96, 96]
0.027825594022071243
0.027825594022071243
0.027825594022071243
0.027825594022071243
0.0774263682681127
[96, 96, 96, 96, 96]
0.021544346900318832
0.027825594022071243
0.016681005372000592
0.021544346900318832
0.046415888336127774
[96, 96, 96, 96, 96]
0.046415888336127774
0.021544346900318832
0.021544346900318832
0.021544346900318832
0.016681005372000592
Mean Accuracy Values Without Lasso:
Logistic Regression: 91.20%
Logistic Regression with Lasso: 91.66%
SVM: 91.36%
SVM with Lasso: 91.35%
KNN: 88.37%
KNN with Lasso: 91.20%
Linear Regression: 91.11%
Linear Regression with Lasso: 91.47%
Decision Tree: 87.95%
Decision Tree with Lasso: 88.07%
Random Forest: 92.44%
Random Forest with Lasso: 91.27%
XGBoost: 91.80%
XGBoost with Lasso: 90.21%
