/Users/awais/Desktop/COMP8240_Project/src/constructed_dataset/constructed_kfold.py:569: MatplotlibDeprecationWarning: vert: bool was deprecated in Matplotlib 3.11 and will be removed in 3.13. Use orientation: {'vertical', 'horizontal'} instead.
  plt.boxplot(accuracy_values_with_lasso_kfold, tick_labels=labels_with_lasso_kfold, vert=False, showmeans=True)
/Users/awais/Desktop/COMP8240_Project/src/constructed_dataset/constructed_kfold.py:597: MatplotlibDeprecationWarning: vert: bool was deprecated in Matplotlib 3.11 and will be removed in 3.13. Use orientation: {'vertical', 'horizontal'} instead.
  plt.boxplot(accuracy_values_without_lasso_kfold, tick_labels=labels_without_lasso_kfold, vert=False, showmeans=True)
Index(['gender', 'study_stage', 'study_preparation', 'attendance',
       'extracurricular_participation', 'family_income',
       'previous_academic_performance', 'Result'],
      dtype='str')
   gender study_stage  ... previous_academic_performance Result
0    Male        Late  ...                          2.68   Pass
1    Male       Early  ...                          2.68   Pass
2  Female      Middle  ...                          2.68   Pass
3    Male       Early  ...                          2.68   Pass
4    Male       Early  ...                          2.68   Pass

[5 rows x 8 columns]
8
      previous_academic_performance  ...  Result_Pass
0                              2.68  ...         True
1                              2.68  ...         True
2                              2.68  ...         True
3                              2.68  ...         True
4                              2.68  ...         True
...                             ...  ...          ...
1591                           4.00  ...         True
1592                           4.00  ...         True
1593                           4.00  ...         True
1594                           4.00  ...         True
1595                           4.00  ...         True

[1596 rows x 14 columns]
14
[320, 319, 319, 319, 319]
0.1
0.027825594022071243
0.027825594022071243
0.027825594022071243
0.1
[320, 319, 319, 319, 319]
0.027825594022071243
0.016681005372000592
0.027825594022071243
0.027825594022071243
0.021544346900318832
[320, 319, 319, 319, 319]
0.1
0.027825594022071243
0.027825594022071243
0.021544346900318832
0.027825594022071243
[320, 319, 319, 319, 319]
0.027825594022071243
0.021544346900318832
0.01
0.021544346900318832
0.021544346900318832
[320, 319, 319, 319, 319]
0.027825594022071243
0.021544346900318832
0.03593813663804628
0.021544346900318832
0.021544346900318832
[320, 319, 319, 319, 319]
0.027825594022071243
0.027825594022071243
0.021544346900318832
0.021544346900318832
0.021544346900318832
[320, 319, 319, 319, 319]
0.021544346900318832
0.016681005372000592
0.01291549665014884
0.027825594022071243
0.027825594022071243
[320, 319, 319, 319, 319]
0.1
0.027825594022071243
0.021544346900318832
0.016681005372000592
0.027825594022071243
[320, 319, 319, 319, 319]
0.021544346900318832
0.1
0.1
0.027825594022071243
0.021544346900318832
[320, 319, 319, 319, 319]
0.027825594022071243
0.021544346900318832
0.027825594022071243
0.021544346900318832
0.021544346900318832
[320, 319, 319, 319, 319]
0.027825594022071243
0.027825594022071243
0.01291549665014884
0.027825594022071243
0.016681005372000592
[320, 319, 319, 319, 319]
0.021544346900318832
0.021544346900318832
0.027825594022071243
0.027825594022071243
0.021544346900318832
[320, 319, 319, 319, 319]
0.027825594022071243
0.021544346900318832
0.021544346900318832
0.021544346900318832
0.027825594022071243
[320, 319, 319, 319, 319]
0.027825594022071243
0.021544346900318832
0.01
0.021544346900318832
0.027825594022071243
[320, 319, 319, 319, 319]
0.021544346900318832
0.1
0.021544346900318832
0.021544346900318832
0.03593813663804628
[320, 319, 319, 319, 319]
0.027825594022071243
0.021544346900318832
0.021544346900318832
0.01
0.027825594022071243
[320, 319, 319, 319, 319]
0.01291549665014884
0.021544346900318832
0.01
0.021544346900318832
0.027825594022071243
[320, 319, 319, 319, 319]
0.021544346900318832
0.021544346900318832
0.021544346900318832
0.021544346900318832
0.027825594022071243
[320, 319, 319, 319, 319]
0.021544346900318832
0.01
0.016681005372000592
0.027825594022071243
0.027825594022071243
[320, 319, 319, 319, 319]
0.027825594022071243
0.01291549665014884
0.021544346900318832
0.027825594022071243
0.027825594022071243
[320, 319, 319, 319, 319]
0.027825594022071243
0.021544346900318832
0.021544346900318832
0.021544346900318832
0.1
[320, 319, 319, 319, 319]
0.027825594022071243
0.027825594022071243
0.027825594022071243
0.021544346900318832
0.021544346900318832
[320, 319, 319, 319, 319]
0.021544346900318832
0.027825594022071243
0.1
0.027825594022071243
0.021544346900318832
[320, 319, 319, 319, 319]
0.027825594022071243
0.016681005372000592
0.027825594022071243
0.021544346900318832
0.027825594022071243
[320, 319, 319, 319, 319]
0.021544346900318832
0.021544346900318832
0.027825594022071243
0.016681005372000592
0.016681005372000592
[320, 319, 319, 319, 319]
0.021544346900318832
0.1
0.021544346900318832
0.01291549665014884
0.01291549665014884
[320, 319, 319, 319, 319]
0.021544346900318832
0.021544346900318832
0.03593813663804628
0.027825594022071243
0.021544346900318832
[320, 319, 319, 319, 319]
0.027825594022071243
0.027825594022071243
0.027825594022071243
0.021544346900318832
0.021544346900318832
[320, 319, 319, 319, 319]
0.021544346900318832
0.027825594022071243
0.027825594022071243
0.021544346900318832
0.021544346900318832
[320, 319, 319, 319, 319]
0.027825594022071243
0.027825594022071243
0.021544346900318832
0.021544346900318832
0.01
[320, 319, 319, 319, 319]
0.027825594022071243
0.027825594022071243
0.021544346900318832
0.021544346900318832
0.027825594022071243
[320, 319, 319, 319, 319]
0.021544346900318832
0.021544346900318832
0.01
0.021544346900318832
0.021544346900318832
[320, 319, 319, 319, 319]
0.027825594022071243
0.021544346900318832
0.021544346900318832
0.027825594022071243
0.016681005372000592
[320, 319, 319, 319, 319]
0.027825594022071243
0.021544346900318832
0.016681005372000592
0.027825594022071243
0.1
[320, 319, 319, 319, 319]
0.01291549665014884
0.021544346900318832
0.021544346900318832
0.027825594022071243
0.027825594022071243
[320, 319, 319, 319, 319]
0.027825594022071243
0.027825594022071243
0.027825594022071243
0.027825594022071243
0.016681005372000592
[320, 319, 319, 319, 319]
0.016681005372000592
0.021544346900318832
0.027825594022071243
0.027825594022071243
0.01291549665014884
[320, 319, 319, 319, 319]
0.021544346900318832
0.021544346900318832
0.016681005372000592
0.027825594022071243
0.021544346900318832
[320, 319, 319, 319, 319]
0.027825594022071243
0.021544346900318832
0.01291549665014884
0.027825594022071243
0.1
[320, 319, 319, 319, 319]
0.021544346900318832
0.027825594022071243
0.021544346900318832
0.027825594022071243
0.027825594022071243
[320, 319, 319, 319, 319]
0.027825594022071243
0.1
0.027825594022071243
0.021544346900318832
0.021544346900318832
[320, 319, 319, 319, 319]
0.021544346900318832
0.021544346900318832
0.027825594022071243
0.027825594022071243
0.021544346900318832
[320, 319, 319, 319, 319]
0.027825594022071243
0.016681005372000592
0.01
0.1
0.021544346900318832
[320, 319, 319, 319, 319]
0.021544346900318832
0.016681005372000592
0.027825594022071243
0.01291549665014884
0.027825594022071243
[320, 319, 319, 319, 319]
0.027825594022071243
0.021544346900318832
0.021544346900318832
0.1
0.016681005372000592
[320, 319, 319, 319, 319]
0.016681005372000592
0.027825594022071243
0.03593813663804628
0.1
0.021544346900318832
[320, 319, 319, 319, 319]
0.021544346900318832
0.027825594022071243
0.021544346900318832
0.027825594022071243
0.021544346900318832
[320, 319, 319, 319, 319]
0.016681005372000592
0.027825594022071243
0.027825594022071243
0.027825594022071243
0.027825594022071243
[320, 319, 319, 319, 319]
0.021544346900318832
0.1
0.027825594022071243
0.016681005372000592
0.03593813663804628
[320, 319, 319, 319, 319]
0.021544346900318832
0.027825594022071243
0.027825594022071243
0.016681005372000592
0.1
[320, 319, 319, 319, 319]
0.027825594022071243
0.01291549665014884
0.021544346900318832
0.021544346900318832
0.021544346900318832
[320, 319, 319, 319, 319]
0.016681005372000592
0.021544346900318832
0.03593813663804628
0.016681005372000592
0.027825594022071243
[320, 319, 319, 319, 319]
0.01291549665014884
0.1
0.021544346900318832
0.027825594022071243
0.016681005372000592
[320, 319, 319, 319, 319]
0.027825594022071243
0.021544346900318832
0.1
0.027825594022071243
0.1
[320, 319, 319, 319, 319]
0.1
0.021544346900318832
0.021544346900318832
0.027825594022071243
0.01
[320, 319, 319, 319, 319]
0.027825594022071243
0.021544346900318832
0.021544346900318832
0.021544346900318832
0.027825594022071243
[320, 319, 319, 319, 319]
0.027825594022071243
0.027825594022071243
0.016681005372000592
0.01291549665014884
0.021544346900318832
[320, 319, 319, 319, 319]
0.027825594022071243
0.027825594022071243
0.027825594022071243
0.021544346900318832
0.027825594022071243
[320, 319, 319, 319, 319]
0.027825594022071243
0.03593813663804628
0.021544346900318832
0.021544346900318832
0.021544346900318832
[320, 319, 319, 319, 319]
0.027825594022071243
0.021544346900318832
0.01291549665014884
0.021544346900318832
0.1
[320, 319, 319, 319, 319]
0.021544346900318832
0.01291549665014884
0.027825594022071243
0.01291549665014884
0.021544346900318832
[320, 319, 319, 319, 319]
0.027825594022071243
0.021544346900318832
0.016681005372000592
0.027825594022071243
0.021544346900318832
[320, 319, 319, 319, 319]
0.027825594022071243
0.016681005372000592
0.021544346900318832
0.01291549665014884
0.027825594022071243
[320, 319, 319, 319, 319]
0.027825594022071243
0.027825594022071243
0.016681005372000592
0.021544346900318832
0.01
[320, 319, 319, 319, 319]
0.027825594022071243
0.027825594022071243
0.027825594022071243
0.021544346900318832
0.021544346900318832
[320, 319, 319, 319, 319]
0.027825594022071243
0.021544346900318832
0.021544346900318832
0.021544346900318832
0.027825594022071243
[320, 319, 319, 319, 319]
0.027825594022071243
0.021544346900318832
0.027825594022071243
0.027825594022071243
0.1
[320, 319, 319, 319, 319]
0.027825594022071243
0.021544346900318832
0.027825594022071243
0.021544346900318832
0.027825594022071243
[320, 319, 319, 319, 319]
0.01291549665014884
0.016681005372000592
0.021544346900318832
0.027825594022071243
0.021544346900318832
[320, 319, 319, 319, 319]
0.027825594022071243
0.021544346900318832
0.027825594022071243
0.027825594022071243
0.027825594022071243
[320, 319, 319, 319, 319]
0.027825594022071243
0.027825594022071243
0.1
0.027825594022071243
0.027825594022071243
[320, 319, 319, 319, 319]
0.021544346900318832
0.021544346900318832
0.027825594022071243
0.021544346900318832
0.027825594022071243
[320, 319, 319, 319, 319]
0.027825594022071243
0.027825594022071243
0.027825594022071243
0.021544346900318832
0.021544346900318832
[320, 319, 319, 319, 319]
0.01
0.021544346900318832
0.021544346900318832
0.027825594022071243
0.1
[320, 319, 319, 319, 319]
0.021544346900318832
0.021544346900318832
0.03593813663804628
0.021544346900318832
0.027825594022071243
[320, 319, 319, 319, 319]
0.016681005372000592
0.027825594022071243
0.027825594022071243
0.021544346900318832
0.027825594022071243
[320, 319, 319, 319, 319]
0.016681005372000592
0.027825594022071243
0.016681005372000592
0.027825594022071243
0.027825594022071243
[320, 319, 319, 319, 319]
0.016681005372000592
0.021544346900318832
0.027825594022071243
0.021544346900318832
0.027825594022071243
[320, 319, 319, 319, 319]
0.027825594022071243
0.021544346900318832
0.021544346900318832
0.027825594022071243
0.027825594022071243
[320, 319, 319, 319, 319]
0.027825594022071243
0.021544346900318832
0.027825594022071243
0.027825594022071243
0.021544346900318832
[320, 319, 319, 319, 319]
0.027825594022071243
0.021544346900318832
0.027825594022071243
0.021544346900318832
0.1
[320, 319, 319, 319, 319]
0.027825594022071243
0.027825594022071243
0.016681005372000592
0.027825594022071243
0.021544346900318832
[320, 319, 319, 319, 319]
0.027825594022071243
0.016681005372000592
0.027825594022071243
0.016681005372000592
0.021544346900318832
[320, 319, 319, 319, 319]
0.01
0.021544346900318832
0.021544346900318832
0.021544346900318832
0.027825594022071243
[320, 319, 319, 319, 319]
0.027825594022071243
0.021544346900318832
0.1
0.016681005372000592
0.01
[320, 319, 319, 319, 319]
0.1
0.016681005372000592
0.027825594022071243
0.021544346900318832
0.027825594022071243
[320, 319, 319, 319, 319]
0.021544346900318832
0.027825594022071243
0.1
0.027825594022071243
0.016681005372000592
[320, 319, 319, 319, 319]
0.01291549665014884
0.01291549665014884
0.021544346900318832
0.027825594022071243
0.027825594022071243
[320, 319, 319, 319, 319]
0.027825594022071243
0.027825594022071243
0.021544346900318832
0.021544346900318832
0.01
[320, 319, 319, 319, 319]
0.021544346900318832
0.021544346900318832
0.027825594022071243
0.027825594022071243
0.01291549665014884
[320, 319, 319, 319, 319]
0.027825594022071243
0.021544346900318832
0.021544346900318832
0.027825594022071243
0.027825594022071243
[320, 319, 319, 319, 319]
0.027825594022071243
0.021544346900318832
0.03593813663804628
0.021544346900318832
0.021544346900318832
[320, 319, 319, 319, 319]
0.027825594022071243
0.027825594022071243
0.021544346900318832
0.027825594022071243
0.027825594022071243
[320, 319, 319, 319, 319]
0.021544346900318832
0.021544346900318832
0.027825594022071243
0.021544346900318832
0.027825594022071243
[320, 319, 319, 319, 319]
0.016681005372000592
0.027825594022071243
0.021544346900318832
0.016681005372000592
0.021544346900318832
[320, 319, 319, 319, 319]
0.021544346900318832
0.01291549665014884
0.027825594022071243
0.027825594022071243
0.1
[320, 319, 319, 319, 319]
0.027825594022071243
0.016681005372000592
0.027825594022071243
0.021544346900318832
0.1
[320, 319, 319, 319, 319]
0.01291549665014884
0.027825594022071243
0.027825594022071243
0.021544346900318832
0.016681005372000592
[320, 319, 319, 319, 319]
0.021544346900318832
0.021544346900318832
0.027825594022071243
0.027825594022071243
0.027825594022071243
[320, 319, 319, 319, 319]
0.01291549665014884
0.027825594022071243
0.1
0.027825594022071243
0.027825594022071243
Mean Accuracy Values Without Lasso:
Logistic Regression: 87.60%
Logistic Regression with Lasso: 86.29%
SVM: 87.33%
SVM with Lasso: 87.39%
KNN: 83.26%
KNN with Lasso: 87.67%
Linear Regression: 87.22%
Linear Regression with Lasso: 86.81%
Decision Tree: 86.44%
Decision Tree with Lasso: 86.02%
Random Forest: 88.23%
Random Forest with Lasso: 87.19%
XGBoost: 88.82%
XGBoost with Lasso: 88.06%
