/Users/awais/Desktop/COMP8240_Project/src/constructed_dataset/sensitivity_analysis/gpa35_kfold.py:572: MatplotlibDeprecationWarning: vert: bool was deprecated in Matplotlib 3.11 and will be removed in 3.13. Use orientation: {'vertical', 'horizontal'} instead.
  plt.boxplot(accuracy_values_with_lasso_kfold, tick_labels=labels_with_lasso_kfold, vert=False, showmeans=True)
/Users/awais/Desktop/COMP8240_Project/src/constructed_dataset/sensitivity_analysis/gpa35_kfold.py:600: MatplotlibDeprecationWarning: vert: bool was deprecated in Matplotlib 3.11 and will be removed in 3.13. Use orientation: {'vertical', 'horizontal'} instead.
  plt.boxplot(accuracy_values_without_lasso_kfold, tick_labels=labels_without_lasso_kfold, vert=False, showmeans=True)
Index(['gender', 'study_stage', 'study_preparation', 'attendance',
       'extracurricular_participation', 'family_income',
       'previous_academic_performance', 'Result'],
      dtype='str')
   gender study_stage  ... previous_academic_performance Result
0    Male        Late  ...                          2.68   Fail
1    Male       Early  ...                          2.68   Fail
2  Female      Middle  ...                          2.68   Fail
3    Male       Early  ...                          2.68   Fail
4    Male       Early  ...                          2.68   Fail

[5 rows x 8 columns]
8
      previous_academic_performance  ...  Result_Pass
0                              2.68  ...        False
1                              2.68  ...        False
2                              2.68  ...        False
3                              2.68  ...        False
4                              2.68  ...        False
...                             ...  ...          ...
1591                           4.00  ...         True
1592                           4.00  ...         True
1593                           4.00  ...         True
1594                           4.00  ...         True
1595                           4.00  ...         True

[1596 rows x 14 columns]
14
[320, 319, 319, 319, 319]
0.021544346900318832
0.016681005372000592
0.021544346900318832
0.016681005372000592
0.01
[320, 319, 319, 319, 319]
0.01
0.01291549665014884
0.01291549665014884
0.021544346900318832
0.016681005372000592
[320, 319, 319, 319, 319]
0.01
0.021544346900318832
0.01291549665014884
0.016681005372000592
0.016681005372000592
[320, 319, 319, 319, 319]
0.016681005372000592
0.016681005372000592
0.016681005372000592
0.016681005372000592
0.016681005372000592
[320, 319, 319, 319, 319]
0.016681005372000592
0.01
0.021544346900318832
0.016681005372000592
0.016681005372000592
[320, 319, 319, 319, 319]
0.016681005372000592
0.021544346900318832
0.016681005372000592
0.016681005372000592
0.016681005372000592
[320, 319, 319, 319, 319]
0.016681005372000592
0.021544346900318832
0.01291549665014884
0.016681005372000592
0.021544346900318832
[320, 319, 319, 319, 319]
0.01291549665014884
0.021544346900318832
0.016681005372000592
0.01291549665014884
0.016681005372000592
[320, 319, 319, 319, 319]
0.016681005372000592
0.016681005372000592
0.016681005372000592
0.021544346900318832
0.016681005372000592
[320, 319, 319, 319, 319]
0.01
0.021544346900318832
0.016681005372000592
0.021544346900318832
0.016681005372000592
[320, 319, 319, 319, 319]
0.016681005372000592
0.01
0.021544346900318832
0.01291549665014884
0.01291549665014884
[320, 319, 319, 319, 319]
0.01
0.027825594022071243
0.016681005372000592
0.01
0.016681005372000592
[320, 319, 319, 319, 319]
0.01291549665014884
0.016681005372000592
0.027825594022071243
0.016681005372000592
0.01291549665014884
[320, 319, 319, 319, 319]
0.016681005372000592
0.01
0.01291549665014884
0.016681005372000592
0.016681005372000592
[320, 319, 319, 319, 319]
0.016681005372000592
0.016681005372000592
0.01291549665014884
0.016681005372000592
0.016681005372000592
[320, 319, 319, 319, 319]
0.016681005372000592
0.01291549665014884
0.016681005372000592
0.016681005372000592
0.01
[320, 319, 319, 319, 319]
0.01291549665014884
0.016681005372000592
0.016681005372000592
0.01291549665014884
0.01
[320, 319, 319, 319, 319]
0.021544346900318832
0.016681005372000592
0.021544346900318832
0.016681005372000592
0.01
[320, 319, 319, 319, 319]
0.016681005372000592
0.021544346900318832
0.016681005372000592
0.01
0.016681005372000592
[320, 319, 319, 319, 319]
0.027825594022071243
0.01291549665014884
0.01291549665014884
0.01291549665014884
0.01
[320, 319, 319, 319, 319]
0.016681005372000592
0.016681005372000592
0.01
0.01
0.021544346900318832
[320, 319, 319, 319, 319]
0.01
0.021544346900318832
0.01
0.016681005372000592
0.021544346900318832
[320, 319, 319, 319, 319]
0.016681005372000592
0.016681005372000592
0.016681005372000592
0.01
0.016681005372000592
[320, 319, 319, 319, 319]
0.016681005372000592
0.021544346900318832
0.021544346900318832
0.01291549665014884
0.01
[320, 319, 319, 319, 319]
0.016681005372000592
0.016681005372000592
0.01
0.01291549665014884
0.027825594022071243
[320, 319, 319, 319, 319]
0.027825594022071243
0.01
0.016681005372000592
0.01
0.021544346900318832
[320, 319, 319, 319, 319]
0.021544346900318832
0.01291549665014884
0.027825594022071243
0.021544346900318832
0.01291549665014884
[320, 319, 319, 319, 319]
0.021544346900318832
0.01291549665014884
0.01
0.01291549665014884
0.01291549665014884
[320, 319, 319, 319, 319]
0.01291549665014884
0.01291549665014884
0.01291549665014884
0.01
0.01
[320, 319, 319, 319, 319]
0.016681005372000592
0.016681005372000592
0.021544346900318832
0.021544346900318832
0.01
[320, 319, 319, 319, 319]
0.016681005372000592
0.01291549665014884
0.01291549665014884
0.021544346900318832
0.027825594022071243
[320, 319, 319, 319, 319]
0.01291549665014884
0.021544346900318832
0.01291549665014884
0.01291549665014884
0.01
[320, 319, 319, 319, 319]
0.021544346900318832
0.016681005372000592
0.01291549665014884
0.021544346900318832
0.027825594022071243
[320, 319, 319, 319, 319]
0.016681005372000592
0.01291549665014884
0.021544346900318832
0.016681005372000592
0.01291549665014884
[320, 319, 319, 319, 319]
0.01291549665014884
0.016681005372000592
0.016681005372000592
0.016681005372000592
0.016681005372000592
[320, 319, 319, 319, 319]
0.021544346900318832
0.01
0.01291549665014884
0.01
0.01291549665014884
[320, 319, 319, 319, 319]
0.021544346900318832
0.016681005372000592
0.01291549665014884
0.01
0.021544346900318832
[320, 319, 319, 319, 319]
0.016681005372000592
0.016681005372000592
0.016681005372000592
0.01
0.016681005372000592
[320, 319, 319, 319, 319]
0.021544346900318832
0.016681005372000592
0.021544346900318832
0.016681005372000592
0.01
[320, 319, 319, 319, 319]
0.021544346900318832
0.021544346900318832
0.016681005372000592
0.027825594022071243
0.01291549665014884
[320, 319, 319, 319, 319]
0.016681005372000592
0.016681005372000592
0.021544346900318832
0.016681005372000592
0.021544346900318832
[320, 319, 319, 319, 319]
0.01291549665014884
0.016681005372000592
0.016681005372000592
0.021544346900318832
0.01291549665014884
[320, 319, 319, 319, 319]
0.01291549665014884
0.016681005372000592
0.01291549665014884
0.016681005372000592
0.016681005372000592
[320, 319, 319, 319, 319]
0.01291549665014884
0.01291549665014884
0.01291549665014884
0.01
0.01
[320, 319, 319, 319, 319]
0.021544346900318832
0.016681005372000592
0.01
0.016681005372000592
0.01291549665014884
[320, 319, 319, 319, 319]
0.016681005372000592
0.01
0.016681005372000592
0.016681005372000592
0.016681005372000592
[320, 319, 319, 319, 319]
0.01
0.016681005372000592
0.021544346900318832
0.016681005372000592
0.01
[320, 319, 319, 319, 319]
0.01
0.01
0.016681005372000592
0.027825594022071243
0.016681005372000592
[320, 319, 319, 319, 319]
0.016681005372000592
0.01
0.021544346900318832
0.021544346900318832
0.01291549665014884
[320, 319, 319, 319, 319]
0.016681005372000592
0.016681005372000592
0.016681005372000592
0.021544346900318832
0.01
[320, 319, 319, 319, 319]
0.01291549665014884
0.01291549665014884
0.016681005372000592
0.016681005372000592
0.016681005372000592
[320, 319, 319, 319, 319]
0.016681005372000592
0.021544346900318832
0.021544346900318832
0.016681005372000592
0.021544346900318832
[320, 319, 319, 319, 319]
0.01
0.021544346900318832
0.016681005372000592
0.01
0.016681005372000592
[320, 319, 319, 319, 319]
0.021544346900318832
0.016681005372000592
0.016681005372000592
0.01291549665014884
0.021544346900318832
[320, 319, 319, 319, 319]
0.016681005372000592
0.021544346900318832
0.016681005372000592
0.016681005372000592
0.027825594022071243
[320, 319, 319, 319, 319]
0.016681005372000592
0.016681005372000592
0.01291549665014884
0.016681005372000592
0.016681005372000592
[320, 319, 319, 319, 319]
0.01
0.021544346900318832
0.016681005372000592
0.01291549665014884
0.01291549665014884
[320, 319, 319, 319, 319]
0.01291549665014884
0.01
0.01291549665014884
0.016681005372000592
0.021544346900318832
[320, 319, 319, 319, 319]
0.01291549665014884
0.016681005372000592
0.016681005372000592
0.021544346900318832
0.016681005372000592
[320, 319, 319, 319, 319]
0.021544346900318832
0.021544346900318832
0.016681005372000592
0.016681005372000592
0.016681005372000592
[320, 319, 319, 319, 319]
0.016681005372000592
0.021544346900318832
0.01291549665014884
0.01
0.021544346900318832
[320, 319, 319, 319, 319]
0.01291549665014884
0.01291549665014884
0.016681005372000592
0.01291549665014884
0.01
[320, 319, 319, 319, 319]
0.016681005372000592
0.016681005372000592
0.016681005372000592
0.016681005372000592
0.021544346900318832
[320, 319, 319, 319, 319]
0.01
0.021544346900318832
0.016681005372000592
0.016681005372000592
0.021544346900318832
[320, 319, 319, 319, 319]
0.016681005372000592
0.016681005372000592
0.016681005372000592
0.01
0.016681005372000592
[320, 319, 319, 319, 319]
0.016681005372000592
0.016681005372000592
0.01291549665014884
0.021544346900318832
0.027825594022071243
[320, 319, 319, 319, 319]
0.016681005372000592
0.016681005372000592
0.016681005372000592
0.016681005372000592
0.01
[320, 319, 319, 319, 319]
0.01
0.021544346900318832
0.016681005372000592
0.021544346900318832
0.021544346900318832
[320, 319, 319, 319, 319]
0.01
0.021544346900318832
0.021544346900318832
0.016681005372000592
0.01
[320, 319, 319, 319, 319]
0.027825594022071243
0.016681005372000592
0.021544346900318832
0.021544346900318832
0.01291549665014884
[320, 319, 319, 319, 319]
0.016681005372000592
0.016681005372000592
0.016681005372000592
0.01291549665014884
0.016681005372000592
[320, 319, 319, 319, 319]
0.01
0.021544346900318832
0.01291549665014884
0.016681005372000592
0.016681005372000592
[320, 319, 319, 319, 319]
0.027825594022071243
0.016681005372000592
0.016681005372000592
0.01291549665014884
0.01291549665014884
[320, 319, 319, 319, 319]
0.016681005372000592
0.01
0.01291549665014884
0.021544346900318832
0.021544346900318832
[320, 319, 319, 319, 319]
0.016681005372000592
0.01291549665014884
0.01291549665014884
0.016681005372000592
0.021544346900318832
[320, 319, 319, 319, 319]
0.021544346900318832
0.01291549665014884
0.016681005372000592
0.027825594022071243
0.027825594022071243
[320, 319, 319, 319, 319]
0.01
0.016681005372000592
0.016681005372000592
0.01291549665014884
0.016681005372000592
[320, 319, 319, 319, 319]
0.01291549665014884
0.021544346900318832
0.01291549665014884
0.01
0.021544346900318832
[320, 319, 319, 319, 319]
0.01
0.016681005372000592
0.016681005372000592
0.01291549665014884
0.016681005372000592
[320, 319, 319, 319, 319]
0.016681005372000592
0.016681005372000592
0.016681005372000592
0.016681005372000592
0.016681005372000592
[320, 319, 319, 319, 319]
0.016681005372000592
0.016681005372000592
0.016681005372000592
0.01291549665014884
0.021544346900318832
[320, 319, 319, 319, 319]
0.01291549665014884
0.016681005372000592
0.016681005372000592
0.01291549665014884
0.016681005372000592
[320, 319, 319, 319, 319]
0.027825594022071243
0.021544346900318832
0.016681005372000592
0.01291549665014884
0.01291549665014884
[320, 319, 319, 319, 319]
0.016681005372000592
0.01291549665014884
0.01291549665014884
0.016681005372000592
0.01291549665014884
[320, 319, 319, 319, 319]
0.01291549665014884
0.021544346900318832
0.01291549665014884
0.021544346900318832
0.016681005372000592
[320, 319, 319, 319, 319]
0.021544346900318832
0.01
0.016681005372000592
0.016681005372000592
0.01
[320, 319, 319, 319, 319]
0.016681005372000592
0.021544346900318832
0.01291549665014884
0.021544346900318832
0.01291549665014884
[320, 319, 319, 319, 319]
0.021544346900318832
0.016681005372000592
0.016681005372000592
0.021544346900318832
0.01
[320, 319, 319, 319, 319]
0.01291549665014884
0.021544346900318832
0.021544346900318832
0.027825594022071243
0.016681005372000592
[320, 319, 319, 319, 319]
0.016681005372000592
0.021544346900318832
0.021544346900318832
0.016681005372000592
0.01291549665014884
[320, 319, 319, 319, 319]
0.016681005372000592
0.016681005372000592
0.01291549665014884
0.016681005372000592
0.01291549665014884
[320, 319, 319, 319, 319]
0.016681005372000592
0.021544346900318832
0.027825594022071243
0.016681005372000592
0.01291549665014884
[320, 319, 319, 319, 319]
0.01291549665014884
0.021544346900318832
0.021544346900318832
0.01291549665014884
0.01291549665014884
[320, 319, 319, 319, 319]
0.016681005372000592
0.021544346900318832
0.021544346900318832
0.01
0.021544346900318832
[320, 319, 319, 319, 319]
0.021544346900318832
0.021544346900318832
0.016681005372000592
0.01291549665014884
0.021544346900318832
[320, 319, 319, 319, 319]
0.01
0.01
0.027825594022071243
0.016681005372000592
0.016681005372000592
[320, 319, 319, 319, 319]
0.01
0.016681005372000592
0.016681005372000592
0.016681005372000592
0.01291549665014884
[320, 319, 319, 319, 319]
0.01291549665014884
0.021544346900318832
0.01
0.016681005372000592
0.01
[320, 319, 319, 319, 319]
0.016681005372000592
0.01291549665014884
0.021544346900318832
0.01291549665014884
0.01
[320, 319, 319, 319, 319]
0.016681005372000592
0.01291549665014884
0.01291549665014884
0.016681005372000592
0.01291549665014884
Mean Accuracy Values Without Lasso:
Logistic Regression: 80.29%
Logistic Regression with Lasso: 80.10%
SVM: 81.88%
SVM with Lasso: 82.26%
KNN: 77.24%
KNN with Lasso: 81.86%
Linear Regression: 79.76%
Linear Regression with Lasso: 79.57%
Decision Tree: 84.78%
Decision Tree with Lasso: 84.30%
Random Forest: 85.85%
Random Forest with Lasso: 86.00%
XGBoost: 88.70%
XGBoost with Lasso: 88.18%
